1747903499052 0.89611 0
1747904454569 0.87246 1
1747905409821 0.86084 2
1747906368948 0.85954 3
1747907327300 0.85355 4
1747908283952 0.85405 5
1747909238012 0.86309 6
1747910192147 0.83673 7
1747911145800 0.87094 8
1747912113993 0.87922 9
1747913092371 0.86596 10
1747914079184 0.86813 11
1747914912655 0.86742 12
1747915754276 0.87564 13
1747916609896 0.88101 14
1747917460227 0.87299 15
1747918310873 0.87487 16
1747919168962 0.89432 17
1747920037259 0.89347 18
1747920908973 0.86878 19
1747921779142 0.9071 20
1747922654765 0.89286 21
1747923523707 0.89322 22
1747924479895 0.9041 23
1747925437869 0.90282 24
1747926391041 0.89499 25
1747927348088 0.89699 26
1747928311775 0.90926 27
1747929270851 0.90148 28
1747930230114 0.9 29
1747931181803 0.90513 30
1747932129572 0.92257 31
1747933077233 0.92529 32
1747934202364 0.91962 33
1747935235299 0.91754 34
1747936270910 0.92108 35
1747937216769 0.92002 36
1747938153301 0.92152 37
1747939095695 0.92214 38
1747940041626 0.92413 39
1747940122347 0.9243104529076135 39
