1747903499052 0.61604 0
1747904454569 0.5839 1
1747905409821 0.56874 2
1747906368948 0.55306 3
1747907327300 0.55546 4
1747908283952 0.56602 5
1747909238012 0.57678 6
1747910192147 0.55406 7
1747911145800 0.5773 8
1747912113993 0.5819 9
1747913092371 0.57597 10
1747914079184 0.57485 11
1747914912655 0.57807 12
1747915754276 0.58354 13
1747916609896 0.60746 14
1747917460227 0.5866 15
1747918310873 0.59983 16
1747919168962 0.59679 17
1747920037259 0.60375 18
1747920908973 0.58778 19
1747921779142 0.60694 20
1747922654765 0.6081 21
1747923523707 0.61002 22
1747924479895 0.61017 23
1747925437869 0.62045 24
1747926391041 0.61545 25
1747927348088 0.61813 26
1747928311775 0.62291 27
1747929270851 0.62475 28
1747930230114 0.62548 29
1747931181803 0.6271 30
1747932129572 0.631 31
1747933077233 0.6409 32
1747934202364 0.63949 33
1747935235299 0.63503 34
1747936270910 0.63999 35
1747937216769 0.63965 36
1747938153301 0.64412 37
1747939095695 0.64371 38
1747940041626 0.64513 39
1747940122347 0.6452593301572916 39
