1747903499052 0.9105 0
1747904454569 0.89343 1
1747905409821 0.89833 2
1747906368948 0.87945 3
1747907327300 0.87434 4
1747908283952 0.8908 5
1747909238012 0.92895 6
1747910192147 0.86327 7
1747911145800 0.90672 8
1747912113993 0.91642 9
1747913092371 0.86816 10
1747914079184 0.92299 11
1747914912655 0.86922 12
1747915754276 0.89345 13
1747916609896 0.88577 14
1747917460227 0.8938 15
1747918310873 0.90189 16
1747919168962 0.91786 17
1747920037259 0.87053 18
1747920908973 0.93543 19
1747921779142 0.91168 20
1747922654765 0.90542 21
1747923523707 0.91579 22
1747924479895 0.92683 23
1747925437869 0.91336 24
1747926391041 0.92855 25
1747927348088 0.91645 26
1747928311775 0.89906 27
1747929270851 0.90968 28
1747930230114 0.91429 29
1747931181803 0.89253 30
1747932129572 0.93857 31
1747933077233 0.9417 32
1747934202364 0.92954 33
1747935235299 0.92831 34
1747936270910 0.92714 35
1747937216769 0.93686 36
1747938153301 0.91139 37
1747939095695 0.93468 38
1747940041626 0.95225 39
1747940122347 0.952342240953077 39
