1747903499052 0.82231 0
1747904454569 0.80788 1
1747905409821 0.79483 2
1747906368948 0.80762 3
1747907327300 0.79792 4
1747908283952 0.79287 5
1747909238012 0.7962 6
1747910192147 0.77234 7
1747911145800 0.79652 8
1747912113993 0.82504 9
1747913092371 0.8145 10
1747914079184 0.78446 11
1747914912655 0.8233 12
1747915754276 0.80939 13
1747916609896 0.82292 14
1747917460227 0.80553 15
1747918310873 0.81992 16
1747919168962 0.83525 17
1747920037259 0.85066 18
1747920908973 0.78804 19
1747921779142 0.84844 20
1747922654765 0.81772 21
1747923523707 0.83158 22
1747924479895 0.83546 23
1747925437869 0.84917 24
1747926391041 0.83176 25
1747927348088 0.84107 26
1747928311775 0.86732 27
1747929270851 0.84453 28
1747930230114 0.85942 29
1747931181803 0.87031 30
1747932129572 0.85778 31
1747933077233 0.85678 32
1747934202364 0.86136 33
1747935235299 0.8613 34
1747936270910 0.86242 35
1747937216769 0.84774 36
1747938153301 0.88167 37
1747939095695 0.85849 38
1747940041626 0.85735 39
1747940122347 0.8576154136155836 39
