1747903410370 0.94788 0
1747904366102 0.98197 1
1747905320847 1.02772 2
1747906280386 1.04649 3
1747907237592 1.05427 4
1747908194954 1.04896 5
1747909149062 1.03488 6
1747910103244 1.03897 7
1747911057721 1.0375 8
1747912024795 1.02047 9
1747912986118 1.02789 10
1747914003420 1.02585 11
1747914835407 1.02131 12
1747915675081 1.0139 13
1747916524451 1.01362 14
1747917383988 0.99795 15
1747918232304 0.99412 16
1747919090396 0.99047 17
1747919949866 0.97602 18
1747920821329 0.98001 19
1747921698635 0.96095 20
1747922577165 0.96457 21
1747923448216 0.95472 22
1747924391173 0.94111 23
1747925349028 0.94262 24
1747926301647 0.93932 25
1747927259570 0.93685 26
1747928222095 0.92489 27
1747929181836 0.91795 28
1747930140251 0.92841 29
1747931088913 0.89001 30
1747932041275 0.87835 31
1747932986309 0.87044 32
1747934106899 0.866 33
1747935137412 0.85523 34
1747936173720 0.847 35
1747937126654 0.83347 36
1747938063395 0.82872 37
1747939004858 0.82467 38
1747939950756 0.82679 39
