1747903410370 0.57703 0
1747904366102 0.60385 1
1747905320847 0.6675 2
1747906280386 0.68926 3
1747907237592 0.68667 4
1747908194954 0.68994 5
1747909149062 0.67404 6
1747910103244 0.66287 7
1747911057721 0.6683 8
1747912024795 0.65934 9
1747912986118 0.65915 10
1747914003420 0.65268 11
1747914835407 0.64149 12
1747915675081 0.62717 13
1747916524451 0.6291 14
1747917383988 0.62225 15
1747918232304 0.60684 16
1747919090396 0.60428 17
1747919949866 0.59534 18
1747920821329 0.59399 19
1747921698635 0.57052 20
1747922577165 0.57367 21
1747923448216 0.57038 22
1747924391173 0.56006 23
1747925349028 0.55713 24
1747926301647 0.55063 25
1747927259570 0.54377 26
1747928222095 0.53991 27
1747929181836 0.5322 28
1747930140251 0.53696 29
1747931088913 0.47983 30
1747932041275 0.46506 31
1747932986309 0.45803 32
1747934106899 0.45304 33
1747935137412 0.4436 34
1747936173720 0.4405 35
1747937126654 0.43007 36
1747938063395 0.42826 37
1747939004858 0.42443 38
1747939950756 0.42349 39
