1747903410370 1.03169 0
1747904366102 1.0392 1
1747905320847 1.06624 2
1747906280386 1.06905 3
1747907237592 1.07048 4
1747908194954 1.07841 5
1747909149062 1.07402 6
1747910103244 1.06597 7
1747911057721 1.07106 8
1747912024795 1.06361 9
1747912986118 1.06519 10
1747914003420 1.06825 11
1747914835407 1.06441 12
1747915675081 1.05691 13
1747916524451 1.0622 14
1747917383988 1.05155 15
1747918232304 1.04657 16
1747919090396 1.04471 17
1747919949866 1.03793 18
1747920821329 1.0375 19
1747921698635 1.02877 20
1747922577165 1.03208 21
1747923448216 1.02833 22
1747924391173 1.023 23
1747925349028 1.02012 24
1747926301647 1.01983 25
1747927259570 1.02236 26
1747928222095 1.01904 27
1747929181836 1.00999 28
1747930140251 1.01677 29
1747931088913 0.99805 30
1747932041275 0.99227 31
1747932986309 0.98767 32
1747934106899 0.98269 33
1747935137412 0.97636 34
1747936173720 0.9696 35
1747937126654 0.97144 36
1747938063395 0.967 37
1747939004858 0.96626 38
1747939950756 0.96591 39
