1747838487981 1.0645 0
1747839645121 1.11763 1
1747841215255 1.16709 2
1747845608736 1.16851 3
1747847202566 1.15567 4
1747848242233 1.15824 5
1747849261712 1.15387 6
1747850278350 1.14553 7
1747851339680 1.14201 8
1747857180903 1.12616 9
1747858218554 1.12173 10
1747859195728 1.10696 11
1747860169676 1.09451 12
1747861136879 1.09594 13
1747862109435 1.08722 14
1747863085389 1.06424 15
1747864056403 1.06472 16
1747865025450 1.06657 17
1747865995351 1.04689 18
1747866968078 1.04642 19
1747867937452 1.04474 20
1747868920900 1.02744 21
1747869893913 1.018 22
1747870866043 1.0097 23
1747871835996 1.01018 24
1747872808135 0.99502 25
1747873782028 1.00203 26
1747874750904 0.97761 27
1747875716998 0.97563 28
1747876682836 0.96352 29
1747877639065 0.95345 30
1747878590658 0.93471 31
1747879546000 0.93113 32
1747880497700 0.91727 33
1747881469462 0.90814 34
1747882425272 0.8963 35
1747883381147 0.88301 36
