1747838487981 0.75305 0
1747839645121 0.81506 1
1747841215255 0.87774 2
1747845608736 0.89216 3
1747847202566 0.86579 4
1747848242233 0.86599 5
1747849261712 0.8483 6
1747850278350 0.82867 7
1747851339680 0.808 8
1747857180903 0.80375 9
1747858218554 0.78901 10
1747859195728 0.77087 11
1747860169676 0.74919 12
1747861136879 0.73928 13
1747862109435 0.72117 14
1747863085389 0.70512 15
1747864056403 0.71069 16
1747865025450 0.69942 17
1747865995351 0.67471 18
1747866968078 0.6773 19
1747867937452 0.66699 20
1747868920900 0.65736 21
1747869893913 0.64965 22
1747870866043 0.62793 23
1747871835996 0.63777 24
1747872808135 0.61997 25
1747873782028 0.6242 26
1747874750904 0.61051 27
1747875716998 0.59812 28
1747876682836 0.59016 29
1747877639065 0.53946 30
1747878590658 0.5187 31
1747879546000 0.50864 32
1747880497700 0.50123 33
1747881469462 0.49513 34
1747882425272 0.48503 35
1747883381147 0.47358 36
