1747838487981 1.08811 0
1747839645121 1.11417 1
1747841215255 1.14056 2
1747845608736 1.14497 3
1747847202566 1.13328 4
1747848242233 1.13537 5
1747849261712 1.14089 6
1747850278350 1.13162 7
1747851339680 1.1267 8
1747857180903 1.12244 9
1747858218554 1.12236 10
1747859195728 1.11161 11
1747860169676 1.09713 12
1747861136879 1.10507 13
1747862109435 1.09626 14
1747863085389 1.08418 15
1747864056403 1.09067 16
1747865025450 1.08734 17
1747865995351 1.07612 18
1747866968078 1.07625 19
1747867937452 1.07488 20
1747868920900 1.05927 21
1747869893913 1.06294 22
1747870866043 1.05683 23
1747871835996 1.05794 24
1747872808135 1.04983 25
1747873782028 1.05151 26
1747874750904 1.04383 27
1747875716998 1.04241 28
1747876682836 1.03837 29
1747877639065 1.02696 30
1747878590658 1.01648 31
1747879546000 1.0157 32
1747880497700 1.00771 33
1747881469462 1.00873 34
1747882425272 0.99964 35
1747883381147 0.99404 36
