1747838487981 0.0003008661971830986 0
1747839645121 0.0005889205088028168 1
1747841215255 0.0008619763204225353 2
1747845608736 0.00084150675 3
1747847202566 0.000819009 4
1747848242233 0.0007965112499999999 5
1747849261712 0.0007740135 6
1747850278350 0.00075151575 7
1747851339680 0.000729018 8
1747857180903 0.00070652025 9
1747858218554 0.0006840224999999999 10
1747859195728 0.00066152475 11
1747860169676 0.0006390269999999999 12
1747861136879 0.00061652925 13
1747862109435 0.0005940314999999999 14
1747863085389 0.00057153375 15
1747864056403 0.0005490359999999999 16
1747865025450 0.0005265382499999999 17
1747865995351 0.0005040404999999999 18
1747866968078 0.00048154275000000004 19
1747867937452 0.000459045 20
1747868920900 0.00043654725 21
1747869893913 0.00041404949999999995 22
1747870866043 0.00039155175 23
1747871835996 0.000369054 24
1747872808135 0.00034655624999999996 25
1747873782028 0.00032405849999999996 26
1747874750904 0.00030156074999999996 27
1747875716998 0.000279063 28
1747876682836 0.00025656524999999997 29
1747877639065 0.0002340675 30
1747878590658 0.00021156974999999998 31
1747879546000 0.00018907199999999995 32
1747880497700 0.00016657425000000004 33
1747881469462 0.00014407650000000002 34
1747882425272 0.00012157875 35
1747883381147 9.908099999999997e-05 36
