1747838596398 0.55597 0
1747839757938 0.52643 1
1747841288916 0.50678 2
1747846253767 0.51518 3
1747847292605 0.52076 4
1747848333139 0.51309 5
1747849360472 0.5141 6
1747850380502 0.53873 7
1747851450222 0.54466 8
1747857259237 0.54971 9
1747858310927 0.55658 10
1747859289705 0.54606 11
1747860262507 0.55008 12
1747861230319 0.55525 13
1747862202655 0.5694 14
1747863178127 0.55292 15
1747864148681 0.56271 16
1747865118244 0.58631 17
1747866087338 0.58092 18
1747867060632 0.57856 19
1747868030919 0.58105 20
1747869013684 0.59547 21
1747869987121 0.59107 22
1747870958120 0.58671 23
1747871928231 0.59683 24
1747872900725 0.60612 25
1747873874262 0.60394 26
1747874839492 0.60955 27
1747875807893 0.61358 28
1747876772928 0.61135 29
1747877729628 0.61801 30
1747878680851 0.62595 31
1747879636143 0.62757 32
1747880588180 0.62396 33
1747881560247 0.62076 34
1747882516500 0.62929 35
1747883470855 0.63229 36
