1747838596398 0.85263 0
1747839757938 0.82816 1
1747841288916 0.804 2
1747846253767 0.80077 3
1747847292605 0.80403 4
1747848333139 0.79635 5
1747849360472 0.79173 6
1747850380502 0.8315 7
1747851450222 0.84373 8
1747857259237 0.83725 9
1747858310927 0.84082 10
1747859289705 0.84145 11
1747860262507 0.84324 12
1747861230319 0.83152 13
1747862202655 0.84703 14
1747863178127 0.84055 15
1747864148681 0.8487 16
1747865118244 0.87646 17
1747866087338 0.88393 18
1747867060632 0.87108 19
1747868030919 0.86309 20
1747869013684 0.8883 21
1747869987121 0.87941 22
1747870958120 0.87768 23
1747871928231 0.88755 24
1747872900725 0.89863 25
1747873874262 0.89327 26
1747874839492 0.89145 27
1747875807893 0.89486 28
1747876772928 0.88819 29
1747877729628 0.9048 30
1747878680851 0.90194 31
1747879636143 0.90976 32
1747880588180 0.90286 33
1747881560247 0.89506 34
1747882516500 0.90445 35
1747883470855 0.91294 36
