1747838596398 0.83904 0
1747839757938 0.86346 1
1747841288916 0.81262 2
1747846253767 0.80065 3
1747847292605 0.83771 4
1747848333139 0.85973 5
1747849360472 0.91498 6
1747850380502 0.85725 7
1747851450222 0.83027 8
1747857259237 0.88042 9
1747858310927 0.84077 10
1747859289705 0.89938 11
1747860262507 0.86932 12
1747861230319 0.85314 13
1747862202655 0.85058 14
1747863178127 0.86503 15
1747864148681 0.87542 16
1747865118244 0.90682 17
1747866087338 0.88123 18
1747867060632 0.92024 19
1747868030919 0.87089 20
1747869013684 0.91862 21
1747869987121 0.90529 22
1747870958120 0.89795 23
1747871928231 0.86905 24
1747872900725 0.90667 25
1747873874262 0.89109 26
1747874839492 0.87352 27
1747875807893 0.92716 28
1747876772928 0.89764 29
1747877729628 0.92247 30
1747878680851 0.91362 31
1747879636143 0.91638 32
1747880588180 0.90795 33
1747881560247 0.93067 34
1747882516500 0.9285 35
1747883470855 0.89761 36
