1747838596398 0.80361 0
1747839757938 0.7641 1
1747841288916 0.74716 2
1747846253767 0.73832 3
1747847292605 0.73083 4
1747848333139 0.73634 5
1747849360472 0.69565 6
1747850380502 0.78329 7
1747851450222 0.7892 8
1747857259237 0.77802 9
1747858310927 0.79797 10
1747859289705 0.78127 11
1747860262507 0.7895 12
1747861230319 0.7674 13
1747862202655 0.81071 14
1747863178127 0.78721 15
1747864148681 0.80178 16
1747865118244 0.79548 17
1747866087338 0.82813 18
1747867060632 0.79843 19
1747868030919 0.83494 20
1747869013684 0.82089 21
1747869987121 0.81991 22
1747870958120 0.8272 23
1747871928231 0.84921 24
1747872900725 0.86317 25
1747873874262 0.83776 26
1747874839492 0.851 27
1747875807893 0.82387 28
1747876772928 0.84382 29
1747877729628 0.84631 30
1747878680851 0.83726 31
1747879636143 0.86208 32
1747880588180 0.85336 33
1747881560247 0.83715 34
1747882516500 0.83251 35
1747883470855 0.87445 36
