1747903410370 0.0003008661971830986 0
1747904366102 0.0005889205088028168 1
1747905320847 0.0008619763204225353 2
1747906280386 0.00084150675 3
1747907237592 0.000819009 4
1747908194954 0.0007965112499999999 5
1747909149062 0.0007740135 6
1747910103244 0.00075151575 7
1747911057721 0.000729018 8
1747912024795 0.00070652025 9
1747912986118 0.0006840224999999999 10
1747914003420 0.00066152475 11
1747914835407 0.0006390269999999999 12
1747915675081 0.00061652925 13
1747916524451 0.0005940314999999999 14
1747917383988 0.00057153375 15
1747918232304 0.0005490359999999999 16
1747919090396 0.0005265382499999999 17
1747919949866 0.0005040404999999999 18
1747920821329 0.00048154275000000004 19
1747921698635 0.000459045 20
1747922577165 0.00043654725 21
1747923448216 0.00041404949999999995 22
1747924391173 0.00039155175 23
1747925349028 0.000369054 24
1747926301647 0.00034655624999999996 25
1747927259570 0.00032405849999999996 26
1747928222095 0.00030156074999999996 27
1747929181836 0.000279063 28
1747930140251 0.00025656524999999997 29
1747931088913 0.0002340675 30
1747932041275 0.00021156974999999998 31
1747932986309 0.00018907199999999995 32
1747934106899 0.00016657425000000004 33
1747935137412 0.00014407650000000002 34
1747936173720 0.00012157875 35
1747937126654 9.908099999999997e-05 36
1747938063395 7.658324999999996e-05 37
1747939004858 5.408550000000004e-05 38
1747939950756 3.158775000000002e-05 39
